100
0 0.50000 0.00000
1 0.00000 0.50000
2 0.50000 1.00000
3 1.00000 0.50000
4 0.33333 0.33333
5 0.33333 0.66666
6 0.66666 0.66666
7 0.66666 0.33333
8 0.09023 0.28838
9 0.37308 0.70540
10 0.62254 0.89558
11 0.62785 0.41560
12 0.16284 0.92651
13 0.26965 0.20819
14 0.61128 0.92007
15 0.58707 0.78958
16 0.51816 0.84688
17 0.08224 0.38616
18 0.69201 0.98656
19 0.68409 0.34746
20 0.41668 0.87585
21 0.91992 0.10154
22 0.00529 0.59761
23 0.73963 0.29079
24 0.65514 0.75682
25 0.06521 0.15560
26 0.59300 0.66063
27 0.29447 0.65362
28 0.47756 0.24465
29 0.51976 0.10015
30 0.01876 0.78176
31 0.64569 0.24332
32 0.58618 0.40809
33 0.26574 0.43533
34 0.57525 0.20258
35 0.87531 0.88500
36 0.32906 0.13425
37 0.75398 0.69008
38 0.00675 0.66737
39 0.68385 0.25969
40 0.77528 0.82707
41 0.26968 0.20110
42 0.90401 0.70850
43 0.54085 0.93321
44 0.32865 0.62145
45 0.31117 0.73102
46 0.40971 0.11860
47 0.23620 0.77999
48 0.59912 0.38014
49 0.35062 0.31722
50 0.59463 0.49120
51 0.73853 0.83183
52 0.65899 0.72035
53 0.51701 0.78936
54 0.00072 0.53895
55 0.01616 0.48016
56 0.82075 0.22922
57 0.67276 0.96028
58 0.30494 0.16523
59 0.55052 0.17111
60 0.20947 0.25350
61 0.87956 0.31633
62 0.80023 0.58642
63 0.86729 0.45976
64 0.76787 0.02685
65 0.74510 0.36008
66 0.78377 0.20912
67 0.23619 0.89390
68 0.94345 0.77992
69 0.73813 0.99074
70 0.43200 0.62689
71 0.89980 0.78094
72 0.85675 0.69792
73 0.19676 0.46906
74 0.83896 0.52857
75 0.61080 0.01798
76 0.82828 0.63605
77 0.65668 0.51696
78 0.70452 0.05382
79 0.89588 0.26447
80 0.52163 0.39454
81 0.36287 0.54729
82 0.53656 0.63727
83 0.51654 0.38995
84 0.67600 0.75315
85 0.99888 0.45175
86 0.11379 0.31876
87 0.46534 0.06332
88 0.82164 0.01260
89 0.48186 0.78538
90 0.89885 0.21714
91 0.23315 0.87873
92 0.02618 0.68134
93 0.83633 0.67124
94 0.04414 0.46108
95 0.37286 0.08416
96 0.47533 0.80596
97 0.17524 0.86927
98 0.73052 0.65454
99 0.38600 0.77827
